# relative_time, cycles_done, cur_item, corpus_count, pending_total, pending_favs, map_size, saved_crashes, saved_hangs, max_depth, execs_per_sec, total_execs, edges_found
60, 70, 9, 68, 16, 0, 31.52%, 0, 0, 3, 29593.13, 1867509, 87
65, 76, 9, 68, 15, 0, 31.52%, 0, 0, 3, 30469.36, 2023206, 87
71, 81, 9, 68, 13, 0, 31.52%, 0, 0, 3, 29435.52, 2171677, 87
76, 87, 9, 68, 11, 0, 31.52%, 0, 0, 3, 29445.52, 2321042, 87
81, 92, 30, 68, 9, 0, 31.52%, 0, 0, 3, 29408.58, 2469012, 87
86, 98, 2, 68, 9, 0, 31.52%, 0, 0, 3, 28925.95, 2614542, 87
91, 103, 9, 68, 8, 0, 31.52%, 0, 0, 3, 29705.48, 2765764, 87
96, 109, 30, 68, 8, 0, 31.52%, 0, 0, 3, 29852.24, 2916511, 87
101, 115, 2, 68, 8, 0, 31.52%, 0, 0, 3, 29851.19, 3067345, 87
106, 120, 2, 69, 8, 0, 31.52%, 0, 0, 3, 30223.42, 3221505, 87
111, 126, 34, 69, 8, 0, 31.52%, 0, 0, 3, 29379.68, 3369795, 87
116, 132, 34, 69, 8, 0, 31.52%, 0, 0, 3, 29434.32, 3519633, 87
121, 137, 9, 69, 7, 0, 31.52%, 0, 0, 3, 28973.10, 3665433, 87
126, 142, 2, 69, 6, 0, 31.52%, 0, 0, 3, 28899.24, 3812035, 87
131, 147, 2, 69, 6, 0, 31.52%, 0, 0, 3, 28678.22, 3957919, 87
136, 152, 2, 69, 5, 0, 31.52%, 0, 0, 3, 29386.40, 4107260, 87
141, 158, 39, 69, 4, 0, 31.52%, 0, 0, 3, 29229.28, 4255501, 87
146, 163, 30, 69, 4, 0, 31.52%, 0, 0, 3, 29588.21, 4405080, 87
152, 168, 30, 69, 3, 0, 31.52%, 0, 0, 3, 29393.53, 4552896, 87
157, 174, 2, 69, 3, 0, 31.52%, 0, 0, 3, 30018.37, 4705689, 87
162, 180, 2, 69, 3, 0, 31.52%, 0, 0, 3, 29179.85, 4854069, 87
167, 185, 42, 69, 3, 0, 31.52%, 0, 0, 3, 29555.06, 5004198, 87
172, 191, 2, 69, 3, 0, 31.52%, 0, 0, 3, 29561.06, 5154534, 87
177, 196, 9, 69, 2, 0, 31.52%, 0, 0, 3, 29386.88, 5303447, 87
182, 202, 34, 69, 2, 0, 31.52%, 0, 0, 3, 29852.31, 5454344, 87
187, 207, 2, 69, 2, 0, 31.52%, 0, 0, 3, 29653.56, 5604227, 87
192, 213, 42, 69, 2, 0, 31.52%, 0, 0, 3, 29062.71, 5750268, 87
197, 218, 2, 69, 2, 0, 31.52%, 0, 0, 3, 29651.27, 5901057, 87
202, 224, 2, 69, 2, 0, 31.52%, 0, 0, 3, 29422.30, 6049770, 87
207, 229, 2, 69, 2, 0, 31.52%, 0, 0, 3, 29476.16, 6199494, 87
212, 235, 9, 69, 2, 0, 31.52%, 0, 0, 3, 29639.16, 6349722, 87
218, 240, 2, 69, 2, 0, 31.52%, 0, 0, 3, 29236.97, 6497536, 87
223, 245, 2, 69, 2, 0, 31.52%, 0, 0, 3, 29198.10, 6645415, 87
228, 251, 9, 69, 2, 0, 31.52%, 0, 0, 3, 29768.97, 6796522, 87
233, 256, 9, 69, 2, 0, 31.52%, 0, 0, 3, 29311.41, 6945690, 87
238, 262, 2, 69, 2, 0, 31.52%, 0, 0, 3, 30060.76, 7099002, 87
243, 268, 9, 69, 2, 0, 31.52%, 0, 0, 3, 30085.27, 7250877, 87
248, 274, 39, 69, 2, 0, 31.52%, 0, 0, 3, 29481.33, 7400343, 87
253, 279, 9, 71, 4, 0, 31.52%, 0, 0, 3, 29212.95, 7547687, 87
258, 284, 9, 71, 4, 0, 31.52%, 0, 0, 3, 28836.58, 7693989, 87
263, 289, 9, 71, 4, 0, 31.52%, 0, 0, 3, 29183.50, 7842024, 87
268, 294, 9, 71, 4, 0, 31.52%, 0, 0, 3, 28765.95, 7987824, 87
273, 300, 9, 71, 4, 0, 31.52%, 0, 0, 3, 29084.07, 8136784, 87
278, 305, 30, 71, 4, 0, 31.52%, 0, 0, 3, 29724.74, 8288219, 87
283, 310, 9, 71, 3, 0, 31.52%, 0, 0, 3, 29250.54, 8433288, 87
288, 315, 9, 71, 3, 0, 31.52%, 0, 0, 3, 28731.40, 8578810, 87
294, 321, 9, 71, 3, 0, 31.52%, 0, 0, 3, 28744.80, 8725195, 87
299, 326, 2, 71, 3, 0, 31.52%, 0, 0, 3, 28775.14, 8871748, 87
304, 331, 9, 71, 3, 0, 31.52%, 0, 0, 3, 29319.41, 9020140, 87
309, 336, 2, 71, 2, 0, 31.52%, 0, 0, 3, 29280.94, 9168409, 87
314, 341, 9, 71, 2, 0, 31.52%, 0, 0, 3, 27976.15, 9308611, 87
319, 347, 9, 71, 2, 0, 31.52%, 0, 0, 3, 29200.30, 9458749, 87
324, 352, 9, 71, 2, 0, 31.52%, 0, 0, 3, 29101.02, 9605389, 87
329, 357, 2, 71, 2, 0, 31.52%, 0, 0, 3, 28636.67, 9751903, 87
334, 362, 42, 71, 2, 0, 31.52%, 0, 0, 3, 29179.52, 9901876, 87
339, 367, 2, 71, 2, 0, 31.52%, 0, 0, 3, 29114.32, 10048579, 87
344, 373, 2, 71, 2, 0, 31.52%, 0, 0, 3, 29324.99, 10199161, 87
349, 378, 2, 71, 2, 0, 31.52%, 0, 0, 3, 29880.35, 10350890, 87
354, 384, 42, 71, 2, 0, 31.52%, 0, 0, 3, 30214.44, 10502448, 87
359, 389, 2, 71, 2, 0, 31.52%, 0, 0, 3, 29863.24, 10652952, 87
365, 394, 30, 71, 2, 0, 31.52%, 0, 0, 3, 28350.13, 10796253, 87
370, 399, 2, 71, 2, 0, 31.52%, 0, 0, 3, 28870.62, 10943001, 87
375, 405, 2, 71, 2, 0, 31.52%, 0, 0, 3, 29240.23, 11090486, 87
380, 410, 2, 71, 2, 0, 31.52%, 0, 0, 3, 28484.43, 11236331, 87
385, 415, 9, 71, 2, 0, 31.52%, 0, 0, 3, 29531.66, 11387144, 87
390, 420, 2, 71, 2, 0, 31.52%, 0, 0, 3, 29376.36, 11535881, 87
395, 426, 9, 71, 2, 0, 31.52%, 0, 0, 3, 29294.00, 11684021, 87
400, 431, 9, 71, 2, 0, 31.52%, 0, 0, 3, 29804.93, 11836121, 87
405, 437, 2, 71, 2, 0, 31.52%, 0, 0, 3, 29541.30, 11985782, 87
410, 442, 42, 71, 2, 0, 31.52%, 0, 0, 3, 29840.32, 12137846, 87
415, 448, 30, 71, 2, 0, 31.52%, 0, 0, 3, 29849.27, 12288108, 87
420, 453, 39, 71, 2, 0, 31.52%, 0, 0, 3, 29509.15, 12436170, 87
425, 459, 2, 71, 2, 0, 31.52%, 0, 0, 3, 29295.17, 12584622, 87
430, 464, 2, 71, 2, 0, 31.52%, 0, 0, 3, 28913.48, 12729843, 87
436, 469, 9, 71, 2, 0, 31.52%, 0, 0, 3, 28837.80, 12877732, 87
441, 474, 2, 71, 2, 0, 31.52%, 0, 0, 3, 28968.58, 13025081, 87
446, 480, 2, 71, 2, 0, 31.52%, 0, 0, 3, 29813.65, 13177913, 87
451, 485, 9, 71, 2, 0, 31.52%, 0, 0, 3, 29009.15, 13324460, 87
456, 490, 9, 71, 2, 0, 31.52%, 0, 0, 3, 29255.44, 13471679, 87
461, 495, 9, 71, 2, 0, 31.52%, 0, 0, 3, 29254.79, 13620587, 87
466, 501, 2, 71, 2, 0, 31.52%, 0, 0, 3, 29491.92, 13769233, 87
471, 506, 9, 71, 2, 0, 31.52%, 0, 0, 3, 28795.23, 13915315, 87
476, 511, 2, 71, 2, 0, 31.52%, 0, 0, 3, 28788.91, 14063240, 87
481, 516, 39, 71, 1, 0, 31.52%, 0, 0, 3, 29250.99, 14212467, 87
486, 521, 9, 71, 0, 0, 31.52%, 0, 0, 3, 29180.12, 14358454, 87
491, 527, 34, 71, 0, 0, 31.52%, 0, 0, 3, 29384.46, 14507231, 87
496, 532, 2, 71, 0, 0, 31.52%, 0, 0, 3, 28799.54, 14651258, 87
502, 537, 9, 71, 0, 0, 31.52%, 0, 0, 3, 29103.86, 14799023, 87
503, 539, 2, 71, 0, 0, 31.52%, 0, 0, 3, 28937.81, 14852493, 87
